300119
2275
2550
2274
2030
2393
2390
2424
2422
2145
300086
300122
2549
300006
300009
2166
2287
2165
2317
1
2437
4
2038
2037
2433
2399
2319
300179
2054
2053
2294
2172
2170
2206
2326
2324
300180
2566
300181
2167
300063
300067
300186
2341
2064
2061
2217
2215
2057
2332
300072
300073
2219
300110
300039
300037
300158
2198
153
155
2107
2349
2226
2102
2223
2068
300041
300163
2109
300049
300169
2243
2001
2361
2360
2118
2513
2113
300174
300054
2516
2092
300016
2254
2099
2010
2252
2493
2096
2250
2370
2094
2007
2522
2125
2246
2004
2365
300142
300026
300147
2022
2263
2384
2020
2262
2019
2018
2258
2412
2136
2411
2014
2539
2538
