300119
2276
2275
2550
2395
2030
2393
2391
2390
2427
2546
2028
2424
300082
2422
2267
2300
2420
2266
300086
300084
300001
300122
300121
300006
300125
300009
2166
2287
2440
2560
2317
2437
2039
4
2038
2554
2433
2399
300132
27
2450
2294
2207
2566
2169
2202
300181
2168
2442
300062
300068
300186
300069
300108
37
300109
300107
2221
2455
2212
2211
2453
2332
2219
300110
300039
300157
300158
2353
2198
2470
2074
2192
153
2107
2349
2227
1896
2224
2466
2102
2223
2464
300164
2506
300049
2364
2001
2118
2479
2476
2112
2518
300016
2090
300019
2496
2099
2252
2372
2370
2007
2127
2004
2123
2365
300141
2409
2408
2407
300142
300026
300147
2386
2022
2020
2262
2382
2381
2533
2412
2256
2377
2497
2255
