2155
2274
2548
2547
2303
2149
2301
300080
2145
300087
2428
300088
2549
2320
2165
2041
2040
2435
2037
2310
2431
300094
300013
2319
22
300179
2210
2054
2295
2053
2172
2171
2170
2328
2206
2447
2326
2203
2445
2324
300180
2565
2444
2443
2200
2321
2167
300063
300067
39
300106
2067
2341
2340
2460
2064
2182
2061
2217
2458
2215
2333
2299
2057
300072
300073
2191
300037
2078
2352
2229
2228
155
2348
2502
2468
2501
2226
2103
2069
2068
300041
300163
300043
2505
2109
300169
2243
2086
2361
2360
2082
2514
2117
2359
2513
2237
2357
2511
2477
2235
2114
2234
2113
300174
300057
300054
2516
2092
300135
2012
2254
2010
2493
2492
2096
2250
2094
2403
2522
2521
2125
2246
2487
2406
300143
2023
2540
2263
2384
2019
2018
2379
2258
2378
2136
2411
2014
300034
2539
2538
