300116
300118
2272
2150
2270
2423
2026
2147
2309
300123
300120
10
300126
300003
300124
300004
300129
2164
2282
2438
2559
400
2434
300092
2158
2278
2432
2553
300090
2552
300091
300097
300095
300011
300099
2452
2176
2451
2175
2050
2448
2204
2323
2046
300185
300100
2209
300066
300105
300103
2342
2459
2058
2454
300111
300112
300159
2190
2111
2076
2472
2196
2471
157
2105
2347
2101
2509
300161
300165
2122
2483
2480
300173
300171
300176
300137
2011
2374
2131
2097
2490
2009
2526
2008
2249
2006
2248
2523
2367
2488
2366
2520
338
300140
300023
2529
300024
300145
300021
2527
2265
2021
2380
2537
2535
2413
2534
2499
2532
2498
2531
2530
300151
300152
300035
300156
2418
300153
