2271
2392
2305
2302
1696
2267
2146
2024
300084
300089
11
12
300125
14
17
2441
2561
2285
2043
2284
2283
2162
2
2556
2039
401
300093
402
2277
300133
2290
23
300058
24
25
300059
26
27
28
29
2297
2292
2205
2048
2201
300064
30
31
2208
36
37
2187
2462
2066
2181
2336
2457
301
2213
40
150
151
2071
2108
1896
2225
2346
159
2345
2344
2343
300160
2080
2363
2088
2240
2085
2238
2479
2510
2355
2233
2354
2091
2133
2132
2251
2126
2247
2489
2244
2002
300022
300027
300148
300028
2264
2416
2536
2259
2016
2013
2419
