300119
2275
2550
2030
2393
2390
2424
2303
2422
2301
2024
300086
300122
300006
300009
2441
2166
2287
2561
2317
2437
2556
4
2038
2433
2399
2277
300133
300058
25
300059
26
28
2294
2292
2566
300181
2565
300186
2067
2187
2462
2181
2336
2332
2219
300110
2191
300039
300158
2078
2198
151
153
2071
2229
2107
2349
2228
2348
2502
159
2345
2103
2344
2102
2223
2343
300043
300049
2001
2118
2238
2117
2511
2235
300016
2091
2012
2099
2252
2251
2370
2007
2128
2004
2521
2365
300142
300022
300027
300148
300028
300026
300147
2264
2022
2020
2262
2416
2412
2419
