2275
2550
2395
2153
2152
2030
2393
2391
2390
2427
2305
2424
2027
300082
2422
2268
2146
2421
2420
300085
300086
300122
300002
2308
300121
11
300006
14
300009
2166
2287
2440
2285
2280
2317
1
2437
2
2315
4
2038
2555
2554
2433
2279
2312
402
2399
300010
300132
21
2439
24
29
2177
2298
2331
2450
2296
2294
2207
2566
300181
2442
300182
300183
300101
31
300186
2208
2180
300104
36
300108
300109
300107
2221
2065
2063
2184
2339
301
2455
2211
2453
2332
300075
40
2219
300110
300039
300157
300036
300158
2353
2232
2474
2198
2197
2230
2470
150
2195
2073
2192
153
2107
2349
2224
2466
2102
2223
2464
300042
300045
300166
300164
300044
300049
300047
300168
2001
2362
2118
300170
2476
300052
300051
300016
300017
300019
2496
2133
2099
2253
2252
2373
2372
2370
2095
2405
2007
2127
2368
2401
2004
2244
2365
300020
2409
2408
2407
300142
300026
300147
2386
2022
2142
2020
2262
2383
2382
2261
2381
2415
2016
2412
2256
2377
2410
2497
2376
300031
300150
