300119
2034
2397
2155
2154
2275
2550
2032
2394
2030
2393
2390
2548
2547
2305
2426
2425
2029
2545
2149
2424
2269
2543
2422
2146
2541
300080
300086
300122
300087
2428
300088
300005
11
300006
14
300009
16
18
2166
2287
2044
2285
2042
2041
2317
2437
1
2
2435
4
2038
2433
2036
402
2399
2310
2431
2035
300094
300133
2318
24
300058
300059
29
2174
2295
2294
2293
2171
2292
2291
2328
2327
2447
2203
2445
2566
2444
300181
2443
2200
2321
31
300186
2208
36
300106
2340
2460
2182
2181
2458
301
2333
2299
2332
40
2219
300110
2070
300039
300158
2110
2352
2198
2351
150
2072
2193
2071
153
2503
2107
2349
2468
2501
158
2500
2069
2102
2223
2343
2508
2505
300049
2485
2001
2242
2087
2086
2084
2083
2082
2239
2514
2118
2359
2238
2237
2478
2477
2114
2234
300057
2517
300016
300135
2133
2099
2494
2098
2252
2370
2404
2403
2007
2128
2005
2004
2245
2003
2487
2486
2244
2365
300142
300143
300027
300148
300028
300026
300147
2144
2540
2022
2020
2262
2260
100
2379
2016
2412
2015
2378
300034
