300116
300119
300118
2430
2551
2550
2306
2305
2545
2424
2302
2423
2422
2541
300122
2309
300123
300120
10
11
300126
12
300006
300003
300124
300125
14
300004
300009
300008
300129
2317
2438
2559
2558
2437
1
2
4
2434
2433
2432
2553
2552
300012
2318
300011
23
24
27
29
2452
2451
2448
2205
2204
2566
2323
2201
300100
31
2209
2208
33
300105
36
300103
37
2342
2459
2457
2454
2332
40
300111
300112
2219
300110
2111
2110
2472
2471
150
153
2108
2107
2349
2469
157
2105
2347
2225
2346
2102
2223
2101
2001
2122
2483
2240
2480
2118
2116
2479
2478
2233
2354
2133
2011
2374
2252
2131
2370
2490
2009
2008
2007
2249
2006
2248
2247
2489
2004
2367
2488
2245
2366
2002
2365
2244
2265
2022
2142
2021
2020
2262
2380
2259
2016
2499
2498
2033
2275
2031
2030
2393
2272
2271
2392
2150
2270
2390
2026
2147
2267
2146
300086
300084
300089
2166
2287
2043
2285
2164
2162
2282
2039
2159
2038
400
300092
401
300093
2158
2399
402
2278
300090
2398
300091
300097
300095
300099
2290
2297
2176
2175
2294
2050
300181
2046
300064
300185
300186
300187
300066
2066
2186
2183
300070
301
2059
300071
2058
2178
300159
300039
2190
300158
2077
2198
2076
2196
1896
300160
2509
300161
300165
300049
2080
2088
300173
300171
300172
300178
300055
300176
300016
300137
300015
2099
2097
2526
2523
2400
2520
338
300140
300144
300023
2529
300024
300145
300142
300021
2527
300026
300147
2537
2535
2413
2534
2412
2532
2531
2530
300151
300152
300035
300156
2418
300153
