300117
2155
2151
2305
2547
2149
2148
2544
300081
2146
2542
300080
2428
300088
2307
11
14
2285
2163
2161
2281
2316
2
2435
2314
2313
402
300134
300098
24
29
2295
2052
2051
2171
2328
2446
2325
2203
2445
2444
2443
2047
31
2208
34
35
36
2188
2340
2460
2062
2182
2060
301
2333
300074
40
300079
300038
2231
2352
150
2194
2468
2501
2467
2465
300167
2081
2089
2482
2082
2514
2359
2237
2115
2114
300050
2519
300177
300057
300135
2133
2375
2491
2093
2403
2524
2369
2487
2244
300025
2540
2140
2017
2016
2379
2378
2135
300034
2417
